   0.0000000e+00   0.0000000e+00   0.0000000e+00
   4.1666667e-02  -1.7150300e-02  -9.6135300e-03
   8.3333333e-02   6.2840000e-04  -1.6959800e-03
   1.2500000e-01  -2.1563080e-01  -2.7485785e-01
   1.6666667e-01  -1.5448685e+00  -8.2186015e-01
   2.0833333e-01  -3.4496700e-01  -8.1887881e-01
   2.5000000e-01  -1.0582713e+00  -9.4831091e-01
   2.9166667e-01  -8.0835490e-01  -4.0435968e-01
   3.3333333e-01  -1.0063157e+00  -7.8950610e-01
   3.7500000e-01  -9.3293030e-01  -9.0334750e-01
   4.1666667e-01  -8.9390600e-01  -6.1326154e-01
   4.5833333e-01  -1.0536925e+00  -9.0550032e-01
   5.0000000e-01  -9.5750900e-01  -5.5352113e-01
   5.4166667e-01  -1.0713876e+00  -9.0346509e-01
   5.8333333e-01  -8.0942960e-01  -5.0124481e-01
   6.2500000e-01  -1.1297014e+00  -7.0946796e-01
   6.6666667e-01  -9.6650020e-01  -8.1410739e-01
   7.0833333e-01  -7.2611020e-01  -7.1597143e-01
   7.5000000e-01  -1.3214773e+00  -9.6721018e-01
   7.9166667e-01  -7.4197110e-01  -7.6998985e-01
   8.3333333e-01  -1.0603644e+00  -5.8674903e-01
   8.7500000e-01  -9.8744600e-01  -9.0927163e-01
   9.1666667e-01  -7.4104300e-01  -5.8044302e-01
   9.5833333e-01  -8.8025470e-01  -8.6690652e-01
   1.0000000e+00  -7.8937480e-01  -6.7484492e-01
   1.0416667e+00  -1.0134765e+00  -9.4049675e-01
   1.0833333e+00  -8.9395150e-01  -7.4356300e-01
   1.1250000e+00  -1.0484151e+00  -9.9947810e-01
   1.1666667e+00  -9.4080710e-01  -4.5500550e-01
   1.2083333e+00  -9.4793500e-01  -8.4204740e-01
   1.2500000e+00  -1.0408152e+00  -9.0606010e-01
   1.2916667e+00  -8.6737330e-01  -8.7242570e-01
   1.3333333e+00  -8.6497400e-01  -4.0212150e-01
   1.3750000e+00  -1.1507613e+00  -8.6267070e-01
   1.4166667e+00  -9.5208170e-01  -8.8914390e-01
   1.4583333e+00  -1.0777511e+00  -9.4848430e-01
   1.5000000e+00  -8.0001720e-01  -6.3512290e-01
   1.5416667e+00  -1.0895844e+00  -6.7237500e-01
   1.5833333e+00  -4.1017820e-01  -6.3597210e-01
   1.6250000e+00  -1.2013835e+00  -9.8779710e-01
   1.6666667e+00  -7.7313430e-01  -7.0006790e-01
   1.7083333e+00  -9.1134000e-01  -6.8339430e-01
   1.7500000e+00  -9.3832390e-01  -7.8683140e-01
   1.7916667e+00  -9.9174350e-01  -9.4996640e-01
   1.8333333e+00  -8.7297970e-01  -6.5756350e-01
   1.8750000e+00  -9.6814780e-01  -7.7428000e-01
   1.9166667e+00  -1.1115568e+00  -6.4107330e-01
   1.9583333e+00  -9.8705520e-01  -9.3942840e-01
   2.0000000e+00  -9.0565710e-01  -7.6206780e-01
   2.0416667e+00  -1.0376861e+00  -9.1867990e-01
   2.0833333e+00  -9.4561390e-01  -5.5232480e-01
   2.1250000e+00  -8.9723270e-01  -7.9257460e-01
   2.1666667e+00  -9.5713240e-01  -8.6763450e-01
   2.2083333e+00  -1.0903262e+00  -9.5758990e-01
   2.2500000e+00  -3.5528750e-01  -3.0297590e-01
   2.2916667e+00  -1.0704141e+00  -8.7912460e-01
   2.3333333e+00  -9.0195160e-01  -9.0994770e-01
   2.3750000e+00  -9.1280920e-01  -5.8923250e-01
   2.4166667e+00  -9.2885980e-01  -8.8317190e-01
   2.4583333e+00  -1.0398078e+00  -6.5399850e-01
   2.5000000e+00  -9.8483040e-01  -8.5252970e-01
   2.5416667e+00  -9.0241600e-01  -2.8929480e-01
   2.5833333e+00  -1.1162007e+00  -7.7745780e-01
   2.6250000e+00  -9.4401890e-01  -3.0457910e-01
   2.6666667e+00  -1.0223475e+00  -5.8369320e-01
   2.7083333e+00  -1.0400012e+00  -2.0879780e-01
   2.7500000e+00  -1.0234396e+00  -5.7483580e-01
   2.7916667e+00  -9.7129880e-01  -3.6611010e-01
   2.8333333e+00  -1.0102096e+00  -7.2437500e-02
   2.8750000e+00  -9.9255080e-01  -2.9013360e-01
   2.9166667e+00  -1.0156157e+00  -2.5259220e-01
   2.9583333e+00  -1.0279436e+00  -2.5610070e-01
   3.0000000e+00  -9.7496990e-01  -1.5693460e-01
   3.0416667e+00  -8.4214970e-01  -4.9825600e-02
   3.0833333e+00  -8.8334220e-01  -1.4942110e-01
   3.1250000e+00  -3.7326220e-01  -1.5770300e-02
   3.1666667e+00  -6.5038830e-01  -4.4780860e-01
   3.2083333e+00  -3.2379030e-01  -1.2424140e-01
   3.2500000e+00  -2.0505330e-01  -1.4950050e-01
   3.2916667e+00   1.3159580e-01  -1.1929700e-02
   3.3333333e+00   2.2594700e-02  -3.0901700e-02
   3.3750000e+00  -4.4033530e-01  -1.3510110e-01
   3.4166667e+00  -2.0067010e-01   9.7333000e-03
   3.4583333e+00  -1.2417420e-01   2.8331400e-02
   3.5000000e+00  -9.4120500e-02  -1.1178400e-02
   3.5416667e+00  -1.8677200e-02   2.3197500e-02
   3.5833333e+00  -1.6483000e-03   1.2617300e-02
   3.6250000e+00   2.9254000e-03   1.3468000e-02
   3.6666667e+00   1.0606100e-02  -2.5450000e-03
   3.7083333e+00  -4.1919000e-03   9.7648000e-03
   3.7500000e+00   1.1614600e-02  -1.1479000e-03
   3.7916667e+00   8.8068000e-03  -1.6070200e-02
   3.8333333e+00   4.0457000e-03   1.5271100e-02
   3.8750000e+00  -1.2335200e-02   1.2955600e-02
   3.9166667e+00   2.2509000e-02  -1.4809900e-02
   3.9583333e+00  -1.5021600e-02   1.4862500e-02
   4.0000000e+00   9.0714000e-03  -5.5129000e-03
   4.0416667e+00  -1.4569500e-02   2.1659900e-02
   4.0833333e+00  -4.1730000e-03  -2.9340000e-03
   4.1250000e+00   3.4657000e-03   1.2511000e-03
   4.1666667e+00  -5.3775000e-03   1.4396800e-02
   4.2083333e+00   1.2532000e-03  -2.6773000e-03
   4.2500000e+00  -3.6255000e-03  -4.6772000e-03
   4.2916667e+00   7.4696000e-03   3.5140000e-04
   4.3333333e+00  -1.3762000e-03   2.9498000e-03
   4.3750000e+00  -4.2665000e-03  -2.3669000e-03
   4.4166667e+00  -9.2250000e-04   1.4867000e-03
   4.4583333e+00  -1.0926000e-03  -7.9574000e-03
   4.5000000e+00   8.7465000e-03  -2.4579000e-03
   4.5416667e+00  -1.2080100e-02   1.2764500e-02
   4.5833333e+00  -4.0797000e-03   3.9730000e-03
   4.6250000e+00  -4.3898000e-03   1.0308000e-03
   4.6666667e+00   1.2224500e-02   3.0245000e-03
   4.7083333e+00   4.8813000e-03   2.8730000e-03
   4.7500000e+00  -8.3432000e-03  -3.4908000e-03
   4.7916667e+00  -4.4741000e-03  -2.9210000e-03
   4.8333333e+00   5.5058000e-03   7.1322000e-03
   4.8750000e+00  -4.6838000e-03  -1.0336000e-03
   4.9166667e+00  -4.7960000e-03  -1.7019000e-03
   4.9583333e+00  -3.4257000e-03   2.4906000e-03
   5.0000000e+00  -5.4460000e-04   3.6152000e-03
   5.0416667e+00  -2.0781000e-03   1.5697000e-03
   5.0833333e+00   1.6100000e-03   4.7512000e-03
   5.1250000e+00  -1.1512000e-03  -8.0719000e-03
   5.1666667e+00   9.6480000e-04  -2.8230000e-04
   5.2083333e+00   3.5315000e-03   3.8370000e-04
   5.2500000e+00  -2.6303000e-03   1.3618000e-03
   5.2916667e+00  -1.9770000e-04   6.7000000e-05
   5.3333333e+00  -1.2848000e-03   2.7294000e-03
   5.3750000e+00  -2.1954000e-03   1.1755000e-03
   5.4166667e+00  -1.6020000e-04  -1.9211000e-03
   5.4583333e+00  -1.5361000e-03   3.2808000e-03
   5.5000000e+00  -3.5599000e-03  -5.0388000e-03
   5.5416667e+00   6.3820000e-04   2.0991000e-03
   5.5833333e+00   2.4569000e-03   2.6274000e-03
   5.6250000e+00   2.7470000e-04  -1.2297000e-03
   5.6666667e+00  -2.7372000e-03  -5.1275000e-03
   5.7083333e+00   1.6750000e-03   3.8392000e-03
   5.7500000e+00  -7.2070000e-04   3.8756000e-03
   5.7916667e+00   9.3320000e-04   2.1027000e-03
   5.8333333e+00  -2.0341000e-03  -1.0837000e-03
   5.8750000e+00  -6.5900000e-04   2.2841000e-03
   5.9166667e+00  -4.0480000e-03  -1.9011000e-03
   5.9583333e+00  -2.8873000e-03  -1.2363000e-03
   6.0000000e+00   9.4494000e-03   6.1573000e-03
   6.0416667e+00   1.0347000e-03  -2.5798000e-03
   6.0833333e+00  -3.3290000e-03  -4.1225000e-03
   6.1250000e+00  -6.3285000e-03  -6.9940000e-04
   6.1666667e+00   3.8577000e-03  -3.1739000e-03
   6.2083333e+00  -8.4620000e-04  -6.3500000e-05
   6.2500000e+00  -5.3320000e-04   2.1042000e-03
   6.2916667e+00  -2.6860000e-04   5.3800000e-05
   6.3333333e+00  -9.4530000e-04  -2.9801000e-03
   6.3750000e+00   1.1233000e-03  -4.9240000e-04
   6.4166667e+00   1.6644000e-03   4.2752000e-03
   6.4583333e+00  -1.3036000e-03   4.0226000e-03
   6.5000000e+00  -5.4990000e-04  -1.0032000e-03
   6.5416667e+00  -7.5240000e-04   7.5220000e-04
   6.5833333e+00  -6.6810000e-04  -7.9852000e-03
   6.6250000e+00  -9.4600000e-05   1.0973000e-03
   6.6666667e+00  -1.1310000e-04   2.0201000e-03
   6.7083333e+00   5.2927000e-03   3.3674000e-03
   6.7500000e+00  -1.9295000e-03   1.3494000e-03
   6.7916667e+00   7.5840000e-04   4.8833000e-03
   6.8333333e+00  -3.9881000e-03  -2.9935000e-03
   6.8750000e+00   2.9275000e-03  -2.2000000e-06
   6.9166667e+00  -2.2789000e-03  -5.5446000e-03
   6.9583333e+00   5.1660000e-04   5.6730000e-04
   7.0000000e+00   3.3364000e-03   1.0904900e-02
   7.0416667e+00  -1.6203000e-03  -2.4786000e-03
   7.0833333e+00   7.4000000e-05  -5.7324000e-03
   7.1250000e+00   2.0535000e-03   3.7619000e-03
   7.1666667e+00  -2.3792000e-03  -3.3782000e-03
   7.2083333e+00  -9.7450000e-04  -2.7337000e-03
   7.2500000e+00  -9.0990000e-04  -2.2526000e-03
   7.2916667e+00   1.1660000e-04  -4.4613000e-03
   7.3333333e+00   1.1487000e-03   3.6533000e-03
   7.3750000e+00  -1.6664000e-03   1.1196000e-03
   7.4166667e+00   3.6910000e-04  -2.0303000e-03
   7.4583333e+00  -1.1473000e-03   5.1099000e-03
   7.5000000e+00  -5.8151000e-03   1.9549900e-02
   7.5416667e+00   2.2796000e-03  -8.5620000e-03
   7.5833333e+00   2.2246000e-03  -5.9420000e-03
   7.6250000e+00  -7.5850000e-04  -3.3937000e-03
   7.6666667e+00   6.9292000e-03  -9.9430000e-04
   7.7083333e+00   2.1359000e-03  -1.0416000e-03
   7.7500000e+00   1.5460000e-03  -1.7852000e-03
   7.7916667e+00   4.4630000e-04   1.4231000e-03
   7.8333333e+00  -4.3020000e-03  -4.2388000e-03
   7.8750000e+00  -4.9557000e-03  -3.2720000e-04
   7.9166667e+00   7.6000000e-04  -1.7282000e-03
   7.9583333e+00  -3.8818000e-03   8.2077000e-03
   8.0000000e+00  -2.0432000e-03   5.5426000e-03
   8.0416667e+00   2.7511000e-03   2.4530000e-04
   8.0833333e+00   4.9663000e-03  -1.6394000e-03
   8.1250000e+00  -1.9485000e-03  -2.5505000e-03
   8.1666667e+00   7.5997000e-03   3.6895000e-03
   8.2083333e+00  -1.6274000e-03  -1.9252000e-03
   8.2500000e+00   8.5240000e-04  -5.2762000e-03
   8.2916667e+00  -1.1285000e-03  -3.0770000e-04
   8.3333333e+00  -4.5241000e-03   4.5470000e-04
   8.3750000e+00  -1.8618000e-03  -6.6436000e-03
   8.4166667e+00   2.1292000e-03   9.8030000e-04
   8.4583333e+00   1.8988000e-03   5.9250000e-04
   8.5000000e+00   3.9696000e-03   6.2448000e-03
   8.5416667e+00  -6.4130000e-04  -4.7123000e-03
   8.5833333e+00  -9.1490000e-04  -2.6273000e-03
   8.6250000e+00  -2.7433000e-03   2.7569000e-03
   8.6666667e+00  -2.7680000e-03   2.3272000e-03
   8.7083333e+00   4.4528000e-03  -1.4493000e-03
   8.7500000e+00  -6.6410000e-04   7.3536000e-03
   8.7916667e+00   2.0542000e-03  -6.3000000e-05
   8.8333333e+00   8.6600000e-04  -4.0260000e-03
   8.8750000e+00   1.2340000e-04  -2.4647000e-03
   8.9166667e+00  -3.5460000e-04   1.1512000e-03
   8.9583333e+00  -9.2040000e-04  -7.5900000e-05
   9.0000000e+00  -5.3958000e-03  -6.1367000e-03
   9.0416667e+00   1.0411500e-02   5.3469000e-03
   9.0833333e+00  -3.7069000e-03  -2.6753000e-03
   9.1250000e+00  -1.0987000e-03  -1.3658000e-03
   9.1666667e+00   1.7888000e-03  -1.8366000e-03
   9.2083333e+00  -6.2750000e-04   1.1437000e-03
   9.2500000e+00   1.3073000e-03   2.9447000e-03
   9.2916667e+00  -1.9530000e-03  -1.9666000e-03
   9.3333333e+00   2.2285000e-03   2.6390000e-04
   9.3750000e+00   8.6930000e-04  -9.8410000e-04
   9.4166667e+00   1.4040000e-03   1.2478000e-03
   9.4583333e+00  -2.2006000e-03   2.9918000e-03
   9.5000000e+00   2.7525000e-03  -6.6404000e-03
   9.5416667e+00  -4.1265000e-03   1.0435000e-03
   9.5833333e+00   1.3685000e-03   1.4269000e-03
   9.6250000e+00   4.2374000e-03   3.6298000e-03
   9.6666667e+00  -4.5535000e-03   6.8797000e-03
   9.7083333e+00  -3.3305000e-03   1.5977000e-03
   9.7500000e+00  -2.1150000e-03  -6.5310000e-04
   9.7916667e+00   1.3796000e-03   1.6712000e-03
   9.8333333e+00   6.5280000e-04  -1.7712000e-03
   9.8750000e+00   5.0330000e-03  -9.4780000e-04
   9.9166667e+00  -4.8239000e-03  -5.9710000e-03
   9.9583333e+00   6.9170000e-04   2.5025000e-03
   1.0000000e+01   2.6634000e-03  -7.2220000e-03
   1.0041667e+01   2.5760000e-04   1.6984000e-03
   1.0083333e+01   4.5700000e-04   1.1676000e-03
   1.0125000e+01   3.1086000e-03  -9.7050000e-04
   1.0166667e+01  -3.6857000e-03  -3.2427000e-03
   1.0208333e+01   4.0800000e-03   5.0744000e-03
   1.0250000e+01  -2.0508000e-03   6.9600000e-05
   1.0291667e+01  -1.5192000e-03  -5.9540000e-04
   1.0333333e+01  -1.1793000e-03  -4.3287000e-03
   1.0375000e+01  -2.3530000e-04  -5.4522000e-03
   1.0416667e+01  -5.7330000e-04   9.1490000e-03
   1.0458333e+01   2.4154000e-03   4.8855000e-03
   1.0500000e+01  -4.5107000e-03  -1.0407700e-02
   1.0541667e+01  -8.2500000e-03   9.4305000e-03
   1.0583333e+01   6.4054000e-03  -1.8270000e-04
