   0.0000000e+00   0.0000000e+00   0.0000000e+00
   4.1666667e-02  -2.5020000e-03   2.9443500e-03
   8.3333333e-02  -1.8778000e-03   2.7693000e-04
   1.2500000e-01   5.7000000e-05  -1.9674200e-03
   1.6666667e-01  -3.6082530e-01  -1.1729536e-01
   2.0833333e-01  -8.1215490e-01  -9.1905152e-01
   2.5000000e-01  -9.6516750e-01  -8.5705536e-01
   2.9166667e-01  -8.8945490e-01  -6.8796461e-01
   3.3333333e-01  -1.0327704e+00  -1.0017298e+00
   3.7500000e-01  -9.9326860e-01  -6.6003012e-01
   4.1666667e-01  -9.1860260e-01  -7.2289057e-01
   4.5833333e-01  -1.0092327e+00  -9.8605217e-01
   5.0000000e-01  -8.2448840e-01  -4.6022556e-01
   5.4166667e-01  -1.0756177e+00  -7.1408701e-01
   5.8333333e-01  -9.6443280e-01  -7.5397855e-01
   6.2500000e-01  -1.0478969e+00  -9.8730477e-01
   6.6666667e-01  -9.3898440e-01  -5.6896876e-01
   7.0833333e-01  -1.0541484e+00  -6.5022350e-01
   7.5000000e-01  -1.0564194e+00  -9.1379630e-01
   7.9166667e-01  -8.8758600e-01  -9.0168800e-01
   8.3333333e-01  -7.8367930e-01  -9.3231950e-01
   8.7500000e-01  -4.5858170e-01  -1.1180789e+00
   9.1666667e-01  -5.3670800e-02  -9.6220060e-01
   9.5833333e-01  -6.7357700e-02  -1.0352826e+00
   1.0000000e+00   9.3428500e-02  -1.0178826e+00
   1.0416667e+00   1.9691090e-01  -8.0313050e-01
   1.0833333e+00   6.0067270e-01  -9.9732970e-01
   1.1250000e+00   5.8590310e-01  -9.9965090e-01
   1.1666667e+00   7.8875150e-01  -1.0321869e+00
   1.2083333e+00   9.7873760e-01  -1.0025072e+00
   1.2500000e+00   9.7545290e-01  -9.8422180e-01
   1.2916667e+00   1.0047829e+00  -9.4833460e-01
   1.3333333e+00   9.8052730e-01  -8.9245350e-01
   1.3750000e+00   1.0247658e+00  -9.6655380e-01
   1.4166667e+00   9.4389010e-01  -5.3180850e-01
   1.4583333e+00   9.2695150e-01  -8.5377050e-01
   1.5000000e+00   1.0464238e+00  -9.8193040e-01
   1.5416667e+00   1.0258709e+00  -9.8919140e-01
   1.5833333e+00   9.7255610e-01  -8.3480110e-01
   1.6250000e+00   1.0413352e+00  -1.0432957e+00
   1.6666667e+00   1.0313522e+00  -9.9443990e-01
   1.7083333e+00   9.9828630e-01  -8.6307030e-01
   1.7500000e+00   9.9997570e-01  -1.0943967e+00
   1.7916667e+00   1.0288005e+00  -1.0042146e+00
   1.8333333e+00   9.3722990e-01  -6.2112500e-01
   1.8750000e+00   1.0189012e+00  -6.9053040e-01
   1.9166667e+00   1.0439947e+00  -9.4774100e-01
   1.9583333e+00   9.9046370e-01  -8.8216830e-01
   2.0000000e+00   9.7998620e-01  -1.0176918e+00
   2.0416667e+00   1.0229597e+00  -9.6763470e-01
   2.0833333e+00   1.0732670e+00  -8.2847060e-01
   2.1250000e+00   9.3814620e-01  -1.0109791e+00
   2.1666667e+00   1.0551972e+00  -8.5359890e-01
   2.2083333e+00   9.8986910e-01  -1.0434138e+00
   2.2500000e+00   9.7873420e-01  -1.0462835e+00
   2.2916667e+00   1.0083312e+00  -8.9084000e-01
   2.3333333e+00   1.0236747e+00  -1.1040215e+00
   2.3750000e+00   1.0090799e+00  -9.2538030e-01
   2.4166667e+00   9.8900980e-01  -9.1814580e-01
   2.4583333e+00   9.7623840e-01  -1.1180048e+00
   2.5000000e+00   9.5856200e-01  -5.7544230e-01
   2.5416667e+00   1.0410233e+00  -8.0514960e-01
   2.5833333e+00   1.1564244e+00  -6.3950330e-01
   2.6250000e+00   8.7555020e-01  -3.8730760e-01
   2.6666667e+00   1.5886341e+00  -7.9051910e-01
   2.7083333e+00   1.2128633e+00  -1.9000670e-01
   2.7500000e+00   9.7527800e-01  -1.7453400e-01
   2.7916667e+00   1.2008471e+00  -1.5063430e-01
   2.8333333e+00   1.0167349e+00  -3.4221600e-02
   2.8750000e+00   9.8522650e-01  -1.7277100e-01
   2.9166667e+00   1.1893886e+00  -2.0483890e-01
   2.9583333e+00   1.4515017e+00  -1.0268660e-01
   3.0000000e+00   1.0758286e+00  -8.2037000e-03
   3.0416667e+00   1.0724687e+00  -4.5421700e-02
   3.0833333e+00   1.0912406e+00   1.8104200e-02
   3.1250000e+00   1.0411740e+00   6.2608900e-02
   3.1666667e+00   9.7949500e-01  -1.7334200e-02
   3.2083333e+00   1.0771967e+00   1.6682900e-02
   3.2500000e+00   1.0867068e+00   1.2499870e-01
   3.2916667e+00   9.2056970e-01  -7.8106900e-02
   3.3333333e+00   1.0860847e+00   5.6756700e-02
   3.3750000e+00   1.1575867e+00   1.6855610e-01
   3.4166667e+00   9.6015450e-01   2.8450000e-03
   3.4583333e+00   9.3546820e-01  -1.2316540e-01
   3.5000000e+00   9.0768020e-01   3.2002420e-01
   3.5416667e+00   9.6253010e-01   2.4669900e-01
   3.5833333e+00   1.0380042e+00   1.3178980e-01
   3.6250000e+00   1.0104190e+00   7.7427200e-02
   3.6666667e+00   9.1375930e-01  -5.9212000e-03
   3.7083333e+00   1.1381823e+00   1.2412630e-01
   3.7500000e+00   1.0984176e+00   2.1611090e-01
   3.7916667e+00   8.4206400e-01  -1.0981660e-01
   3.8333333e+00   1.1316468e+00   1.0888170e-01
   3.8750000e+00   8.1209420e-01   3.9911500e-01
   3.9166667e+00   9.5725900e-01   8.7049700e-02
   3.9583333e+00   1.0428755e+00   9.0951600e-02
   4.0000000e+00   1.0955920e+00   8.5271400e-02
   4.0416667e+00   9.6827190e-01   1.9823000e-03
   4.0833333e+00   1.0916282e+00   8.1592900e-02
   4.1250000e+00   1.3311391e+00  -6.5028000e-03
   4.1666667e+00   1.2151105e+00   3.0204300e-02
   4.2083333e+00   1.0563425e+00   4.6375400e-02
   4.2500000e+00   1.1611970e+00   1.5044120e-01
   4.2916667e+00   8.6578110e-01   3.2011530e-01
   4.3333333e+00   1.0418245e+00   1.7790710e-01
   4.3750000e+00   1.1018479e+00   9.5647300e-02
   4.4166667e+00   1.0325015e+00   5.8375500e-02
   4.4583333e+00   9.7235920e-01   1.9618400e-02
   4.5000000e+00   9.4295760e-01   1.6317000e-02
   4.5416667e+00   1.1563084e+00   3.4542000e-01
   4.5833333e+00   9.3194780e-01  -1.6219500e-01
   4.6250000e+00   1.0375882e+00   1.2135500e-02
   4.6666667e+00   8.2226430e-01   2.5303770e-01
   4.7083333e+00   1.0324306e+00   4.0832590e-01
   4.7500000e+00   1.0088486e+00   5.1144600e-02
   4.7916667e+00   7.7453320e-01   5.6170500e-02
   4.8333333e+00   3.6344520e-01   7.5774300e-02
   4.8750000e+00   6.4650950e-01   3.1227200e-02
   4.9166667e+00   3.6092210e-01   2.0048220e-01
   4.9583333e+00  -2.0459000e-02   2.8261420e-01
   5.0000000e+00   1.2043940e-01   3.4087380e-01
   5.0416667e+00  -2.2741800e-02   3.7212300e-02
   5.0833333e+00  -4.5129500e-02   1.2853800e-02
   5.1250000e+00   7.0760000e-03   3.9345300e-02
   5.1666667e+00  -4.1461000e-03   2.3766100e-02
   5.2083333e+00  -1.8145400e-02  -2.9832000e-03
   5.2500000e+00  -1.7227400e-02   4.0687900e-02
   5.2916667e+00  -3.8474800e-02  -1.6705100e-02
   5.3333333e+00  -1.0210300e-02  -2.2988000e-02
   5.3750000e+00  -1.1455600e-02   2.9400600e-02
   5.4166667e+00  -2.2070900e-02   3.9647000e-03
   5.4583333e+00  -2.5088000e-03  -3.0641600e-02
   5.5000000e+00  -1.6993500e-02  -7.4513000e-03
   5.5416667e+00  -1.6054100e-02   1.1831000e-03
   5.5833333e+00   7.2591000e-03  -2.0771200e-02
   5.6250000e+00  -4.4279300e-02  -5.9072000e-03
   5.6666667e+00  -2.9978600e-02   7.4137000e-03
   5.7083333e+00   2.8713000e-02  -1.5298600e-02
   5.7500000e+00  -6.6688000e-03  -7.4311000e-03
   5.7916667e+00  -5.7579500e-02  -6.4368000e-03
   5.8333333e+00   4.1873000e-02  -1.0535600e-02
   5.8750000e+00  -1.7262900e-02   7.2683000e-03
   5.9166667e+00  -3.6953900e-02  -2.3532000e-03
   5.9583333e+00   4.8091900e-02   9.3200000e-05
   6.0000000e+00  -1.1830650e-01   1.0703900e-02
   6.0416667e+00   3.6000100e-02   4.7660000e-03
   6.0833333e+00   5.1196500e-02  -1.1488700e-02
   6.1250000e+00  -2.2586700e-02  -3.7075000e-03
   6.1666667e+00  -4.4355000e-03  -1.1400600e-02
   6.2083333e+00   2.6459700e-02  -2.3296000e-03
   6.2500000e+00   1.9097800e-02   1.0319700e-02
   6.2916667e+00  -9.6072900e-02  -8.3649000e-03
   6.3333333e+00   7.2869100e-02   2.1860500e-02
   6.3750000e+00   3.6636800e-02  -1.3037000e-02
   6.4166667e+00  -8.8290000e-04  -6.4469000e-03
   6.4583333e+00   1.6291600e-02  -3.6683000e-03
   6.5000000e+00  -3.4634400e-02   2.7887000e-03
   6.5416667e+00  -2.8043700e-02   3.5665000e-03
   6.5833333e+00   5.3544200e-02  -6.8720000e-03
   6.6250000e+00   1.8296800e-02  -2.0858000e-03
   6.6666667e+00   1.4774900e-02   2.3526000e-03
   6.7083333e+00   9.0619000e-03   1.2010000e-04
   6.7500000e+00  -1.1965000e-03  -9.9026000e-03
   6.7916667e+00   1.3323600e-02   1.3387000e-03
   6.8333333e+00   5.8068000e-03   7.0560000e-04
   6.8750000e+00   3.1262000e-03   7.2327000e-03
   6.9166667e+00   4.9223000e-03  -4.0468000e-03
   6.9583333e+00   9.5620000e-04   3.1008000e-03
   7.0000000e+00  -1.2057100e-02  -3.0595000e-03
   7.0416667e+00   2.1995000e-03  -2.6923000e-03
   7.0833333e+00   8.1864000e-03   4.4364000e-03
   7.1250000e+00   2.5194000e-03   4.2479000e-03
   7.1666667e+00   3.2782000e-03  -4.8033000e-03
   7.2083333e+00   1.1030000e-04   2.3142000e-03
   7.2500000e+00   2.2978000e-03  -3.9607000e-03
   7.2916667e+00   6.4881000e-03  -8.1080000e-04
   7.3333333e+00  -9.9230000e-04   1.4326000e-03
   7.3750000e+00   1.5099000e-03   1.7450000e-04
   7.4166667e+00  -1.1649000e-02   4.9914000e-03
   7.4583333e+00  -2.8891000e-03   2.7142000e-03
   7.5000000e+00  -6.3499000e-03   5.3964000e-03
   7.5416667e+00   1.1945500e-02  -2.8324000e-03
   7.5833333e+00   3.6881000e-03  -1.4772000e-03
   7.6250000e+00   4.0719000e-03  -9.8300000e-05
   7.6666667e+00  -5.5701000e-03   3.1840000e-03
   7.7083333e+00  -2.3160000e-03  -7.1881000e-03
   7.7500000e+00   4.5735000e-03  -1.0484000e-03
   7.7916667e+00  -2.1923000e-03   1.7462000e-03
   7.8333333e+00   6.8609000e-03  -4.6083000e-03
   7.8750000e+00   3.4850000e-04  -1.5706000e-03
   7.9166667e+00   1.1706000e-03   2.4860000e-03
   7.9583333e+00  -8.5081000e-03  -3.3404000e-03
   8.0000000e+00  -3.5830000e-03   1.8700000e-03
   8.0416667e+00   2.2004000e-03  -3.3010000e-04
   8.0833333e+00   3.3797000e-03   2.7234000e-03
   8.1250000e+00   1.8705000e-03  -2.2287000e-03
   8.1666667e+00   3.4811000e-03   2.4476000e-03
   8.2083333e+00   1.3680000e-04  -1.5272000e-03
   8.2500000e+00  -6.4522000e-03   4.4110000e-04
   8.2916667e+00  -7.5990000e-04   3.1379000e-03
   8.3333333e+00   3.4370000e-04  -3.4610000e-03
   8.3750000e+00   4.4120000e-03   2.6847000e-03
   8.4166667e+00   3.0757000e-03  -2.9311000e-03
   8.4583333e+00   2.7260000e-04  -1.8019000e-03
   8.5000000e+00  -4.3155000e-03   1.8444000e-03
   8.5416667e+00   4.8218000e-03  -9.2670000e-04
   8.5833333e+00   4.4428000e-03   1.3765000e-03
   8.6250000e+00  -6.4500000e-05   1.9854000e-03
   8.6666667e+00   1.1433000e-03   3.6730000e-04
   8.7083333e+00  -5.8911000e-03  -5.9356000e-03
   8.7500000e+00   2.8530000e-03   3.8612000e-03
   8.7916667e+00   9.4300000e-05   6.1230000e-04
   8.8333333e+00  -1.6560000e-04  -3.4560000e-04
   8.8750000e+00  -7.1400000e-04   3.2690000e-04
   8.9166667e+00   2.6226000e-03   4.4390000e-04
   8.9583333e+00  -4.2800000e-04   7.1510000e-04
   9.0000000e+00  -1.5287000e-03  -3.0440000e-04
   9.0416667e+00   2.8234000e-03  -2.4665000e-03
   9.0833333e+00  -1.7181000e-03   4.6112000e-03
   9.1250000e+00  -5.4925000e-03  -5.4555000e-03
   9.1666667e+00  -2.6855000e-03  -4.9369000e-03
   9.2083333e+00   1.8516000e-03   3.4149000e-03
   9.2500000e+00  -1.8039000e-03   4.5747000e-03
   9.2916667e+00  -1.2726000e-03  -6.7200000e-04
   9.3333333e+00   3.4526000e-03   1.8560000e-03
   9.3750000e+00   1.6908000e-03  -4.1719000e-03
   9.4166667e+00   1.0032000e-03   5.2530000e-03
   9.4583333e+00   2.0055000e-03  -2.1458000e-03
   9.5000000e+00  -6.4902000e-03  -1.8029000e-03
   9.5416667e+00   4.9952000e-03   6.6290000e-03
   9.5833333e+00   1.5508000e-03  -4.2646000e-03
   9.6250000e+00   2.0164000e-03   1.8148000e-03
   9.6666667e+00   3.1169000e-03  -9.1670000e-04
   9.7083333e+00  -2.2800000e-04   6.6240000e-04
   9.7500000e+00   1.1092000e-03  -5.0082000e-03
   9.7916667e+00  -1.8558000e-03  -3.3020000e-04
   9.8333333e+00  -4.7711000e-03  -1.5532000e-03
   9.8750000e+00   4.0781000e-03   2.5168000e-03
   9.9166667e+00   8.6630000e-04   2.4402000e-03
   9.9583333e+00  -4.8080000e-04   2.2664000e-03
   1.0000000e+01   1.0427300e-02   7.5150000e-04
   1.0041667e+01  -6.4043000e-03  -3.3927000e-03
   1.0083333e+01  -3.9884000e-03  -1.3070000e-04
   1.0125000e+01   4.4800000e-05  -4.0410000e-03
   1.0166667e+01  -5.1160000e-04   2.3826000e-03
   1.0208333e+01   1.3120000e-03   2.9413000e-03
   1.0250000e+01  -4.5032000e-03  -2.8787000e-03
   1.0291667e+01   1.3234000e-03   1.1803000e-03
   1.0333333e+01  -1.0850000e-04   2.8549000e-03
   1.0375000e+01   6.2770000e-04  -1.5953000e-03
   1.0416667e+01  -2.2043000e-03   2.6057000e-03
   1.0458333e+01  -3.4658000e-03  -3.0076000e-03
   1.0500000e+01  -1.3847000e-03   5.9480000e-04
   1.0541667e+01   1.3971000e-03   4.4595000e-03
   1.0583333e+01   1.7360000e-03  -2.7744000e-03
   1.0625000e+01  -2.5640000e-04  -2.5246000e-03
   1.0666667e+01   3.7840000e-04   8.1390000e-04
   1.0708333e+01   4.5271000e-03  -2.7525000e-03
   1.0750000e+01  -1.2941000e-03   4.8485000e-03
   1.0791667e+01   7.5630000e-04  -3.8374000e-03
   1.0833333e+01   6.5970000e-04   1.6267000e-03
   1.0875000e+01  -8.7210000e-04   1.3110000e-04
   1.0916667e+01  -1.3038000e-03   1.7425000e-03
   1.0958333e+01   1.2158000e-03   3.2830000e-04
   1.1000000e+01  -8.7311000e-03  -6.5467000e-03
   1.1041667e+01   2.5751000e-03   8.0700000e-04
   1.1083333e+01   2.2475000e-03   1.8691000e-03
   1.1125000e+01   1.7932000e-03   1.8999000e-03
   1.1166667e+01   1.0194000e-03  -3.5400000e-05
   1.1208333e+01   4.5700000e-04  -8.4270000e-04
   1.1250000e+01   4.8054000e-03  -3.8578000e-03
   1.1291667e+01   1.4079000e-03   1.7528000e-03
